! The FORTRAN90 code generating 
! matrix elements <nJ(LS)|V|n'J(L'S)> of the Daejeon16 NN interaction
! in the oscillator basis with hw=25 MeV. 
!
! v2.0 2017.05.12
! The mistake of the previous version of keyhw option switching
! between MeV and hw unit is corrected.
!
! Parameters of the FUNCTION V_Daejeon16(nrel,nprel,lrel,lprel,JJ,IS,keyhw,keyph):
!
! principal quantum numbers: nrel is n, nprel is n'   :: n = 0, 1, ..., (61-L)/2 or (60-L)/2;
!                                                      n' = 0, 1, ..., (61-L')/2 or (60-L')/2
! orbital momenta: lrel is L, lprel is L'   :: L, L' = J-1, J or J+1       
! total momentum: JJ is J   :: J = 0, 1, ..., 6 
! spin: IS is S   :: S = 0 or 1
!
! Parameters switching units of matrix elements and their phases:
!
! keyhw: 0 - in hw units / 1 - in MeV
! keyph: 0 - I.Talmi phase convention for oscillator functions;
!        1 - phase convention of Phys. Rev. C70, 044005 (2004)
!            (the same as in Phys. Lett. B644, 33 (2007)),
!            i.e. with extra (-1)^n.
!
real*8 FUNCTION V_Daejeon16(nrel,nprel,lrel,lprel,JJ,IS,keyhw,keyph)
    implicit none
    integer :: nrel, nprel, lrel, lprel, JJ, IS
    integer :: keyhw, keyph
    integer :: phase
    real*8 :: hoin
    real*8 :: mtxE
!
    real*8, dimension (31,31) :: unc1s0, unc3p0, unc1p1, unc3p1, unc1d2, unc3d2, &
                 unc1f3, unc3f3, unc1g4, unc3g4, unc1h5, unc3h5, unc1i6, unc3i6
    real*8, dimension (62,62) :: coup3sd, coup3pf, coup3dg, coup3fh, coup3gi, coup3hj
!
    data unc1s0 / &
  -1.167044E+01,  -6.644545E+00,  -1.636675E+00,   8.466527E-01,   2.310531E-01,  -1.206431E-01,  -4.143672E-02,   2.759827E-02,   4.491376E-03,  -7.219055E-03,   9.564293E-04,   1.457271E-03,  -8.217218E-04,  -1.649050E-06,   2.146421E-04,  -1.327191E-04,   4.655465E-05,  -3.864936E-06,  -2.740436E-05,   5.074718E-05,  -4.803302E-05,   1.679634E-05,   2.136984E-05,  -4.109687E-05,   3.437982E-05,  -1.300738E-05,  -5.437787E-06,   1.244913E-05,  -1.196014E-05,   1.235522E-05,  -1.668331E-05, &
  -6.644545E+00,  -3.759662E+00,  -1.299886E+00,   1.498107E+00,   1.567570E+00,   4.323642E-01,  -1.551424E-01,  -7.684412E-02,   3.916804E-02,   1.120868E-02,  -1.279242E-02,   1.834745E-04,   3.417642E-03,  -1.163857E-03,  -4.567276E-04,   4.714147E-04,  -1.179882E-04,   7.426947E-06,  -3.511871E-05,   9.502588E-06,   8.762061E-05,  -1.652597E-04,   1.454530E-04,  -2.466233E-05,  -1.283855E-04,   2.170117E-04,  -1.798663E-04,   3.665061E-05,   1.201565E-04,  -1.890827E-04,   1.338353E-04, &
  -1.636675E+00,  -1.299886E+00,  -1.762144E-01,   2.555634E+00,   3.761060E+00,   2.374202E+00,   4.274742E-01,  -2.714809E-01,  -7.099863E-02,   6.149509E-02,  -2.355832E-03,  -1.927417E-02,   7.162423E-03,   4.281897E-03,  -3.608586E-03,  -1.879567E-04,   1.075931E-03,  -1.480897E-04,  -3.872636E-04,   1.333387E-04,   2.644633E-04,  -3.462226E-04,   1.455556E-04,   1.078905E-04,  -2.670992E-04,   2.966786E-04,  -1.935569E-04,  -2.322852E-05,   2.607089E-04,  -3.630134E-04,   2.296843E-04, &
   8.466527E-01,   1.498107E+00,   2.555634E+00,   4.969651E+00,   7.049187E+00,   6.187650E+00,   2.903936E+00,   2.338829E-01,  -3.770875E-01,  -5.750153E-02,   4.440143E-02,  -2.108786E-02,  -4.706751E-03,   1.598208E-02,  -2.958426E-03,  -6.131510E-03,   3.080052E-03,   1.535564E-03,  -1.846789E-03,  -4.792922E-05,   1.023486E-03,  -4.943346E-04,  -3.809610E-04,   5.881640E-04,  -1.556646E-04,  -2.543903E-04,   2.335107E-04,   1.360749E-05,  -7.894932E-05,  -9.712759E-05,   2.058785E-04, &
   2.310531E-01,   1.567570E+00,   3.761060E+00,   7.049187E+00,   1.043155E+01,   1.124401E+01,   7.942609E+00,   2.922633E+00,  -1.379701E-01,  -5.466244E-01,  -1.102860E-01,   2.791712E-02,   1.152973E-02,   2.132700E-02,   1.420851E-03,  -1.512168E-02,   1.902433E-03,   6.921555E-03,  -3.219210E-03,  -2.178137E-03,   2.800965E-03,  -1.779006E-04,  -1.922539E-03,   1.550229E-03,   4.533608E-04,  -1.778669E-03,   1.101422E-03,   6.192424E-04,  -1.403939E-03,   5.840136E-04,   5.893618E-04, &
  -1.206431E-01,   4.323642E-01,   2.374202E+00,   6.187650E+00,   1.124401E+01,   1.496270E+01,   1.409057E+01,   8.463735E+00,   2.183115E+00,  -8.539094E-01,  -8.211725E-01,  -9.812248E-02,   1.325546E-01,   6.949541E-02,  -7.436797E-03,  -3.110161E-02,  -2.275417E-03,   1.500185E-02,  -1.712202E-03,  -6.648614E-03,   3.947015E-03,   1.398132E-03,  -3.872594E-03,   2.348536E-03,   1.579684E-03,  -4.039200E-03,   2.061177E-03,   2.470524E-03,  -4.253352E-03,   9.436500E-04,   3.509689E-03, &
  -4.143672E-02,  -1.551424E-01,   4.274742E-01,   2.903936E+00,   7.942609E+00,   1.409057E+01,   1.744217E+01,   1.465340E+01,   7.158257E+00,   4.767208E-01,  -1.744145E+00,  -8.327128E-01,   1.913307E-01,   2.743913E-01,   1.220755E-02,  -7.981345E-02,  -1.657615E-02,   2.777678E-02,   5.596234E-03,  -1.175132E-02,   1.227063E-03,   3.784364E-03,  -3.547019E-03,   2.177364E-03,   1.599352E-03,  -5.872789E-03,   4.017671E-03,   4.536964E-03,  -9.770963E-03,   2.977026E-03,   9.866581E-03, &
   2.759827E-02,  -7.684412E-02,  -2.714809E-01,   2.338829E-01,   2.922633E+00,   8.463735E+00,   1.465340E+01,   1.682229E+01,   1.225394E+01,   4.089661E+00,  -1.479307E+00,  -2.005671E+00,  -2.783212E-01,   5.355869E-01,   1.978455E-01,  -1.348769E-01,  -7.713339E-02,   3.938679E-02,   2.701701E-02,  -1.433491E-02,  -8.617157E-03,   4.869216E-03,   2.548692E-03,   1.073461E-03,  -3.379056E-03,  -4.290631E-03,   9.603632E-03,   5.409881E-04,  -1.599994E-02,   1.347643E-02,   1.044648E-02, &
   4.491376E-03,   3.916804E-02,  -7.099863E-02,  -3.770875E-01,  -1.379701E-01,   2.183115E+00,   7.158257E+00,   1.225394E+01,   1.296642E+01,   7.778088E+00,   8.699746E-01,  -2.336607E+00,  -1.309621E+00,   3.839570E-01,   5.286235E-01,  -4.689319E-02,  -1.819106E-01,   7.523359E-03,   6.411414E-02,  -3.773749E-03,  -2.592053E-02,   2.132110E-03,   1.478997E-02,  -1.620136E-03,  -1.391983E-02,   5.040879E-03,   1.594789E-02,  -1.567128E-02,  -1.164499E-02,   3.087530E-02,  -1.031837E-02, &
  -7.219055E-03,   1.120868E-02,   6.149509E-02,  -5.750153E-02,  -5.466244E-01,  -8.539094E-01,   4.767208E-01,   4.089661E+00,   7.778088E+00,   7.851974E+00,   3.689284E+00,  -7.950711E-01,  -1.883193E+00,  -3.984304E-01,   5.953251E-01,   2.470518E-01,  -1.912162E-01,  -9.479553E-02,   7.353575E-02,   2.998509E-02,  -3.597362E-02,  -5.984790E-03,   2.388848E-02,  -6.482345E-03,  -1.909972E-02,   1.942606E-02,   9.793569E-03,  -3.207371E-02,   1.258402E-02,   3.108496E-02,  -4.323307E-02, &
   9.564293E-04,  -1.279242E-02,  -2.355832E-03,   4.440143E-02,  -1.102860E-01,  -8.211725E-01,  -1.744145E+00,  -1.479307E+00,   8.699746E-01,   3.689284E+00,   4.027555E+00,   1.475040E+00,  -9.939350E-01,  -1.080679E+00,   7.779689E-02,   4.433437E-01,   1.903973E-02,  -1.648789E-01,  -4.576243E-04,   5.823981E-02,  -1.159827E-02,  -1.426492E-02,   1.255327E-02,  -8.159106E-03,  -4.942762E-03,   2.130772E-02,  -1.295080E-02,  -2.070367E-02,   3.653030E-02,  -4.233328E-03,  -4.386891E-02, &
   1.457271E-03,   1.834745E-04,  -1.927417E-02,  -2.108786E-02,   2.791712E-02,  -9.812248E-02,  -8.327128E-01,  -2.005671E+00,  -2.336607E+00,  -7.950711E-01,   1.475040E+00,   2.079758E+00,   6.249659E-01,  -7.347277E-01,  -5.501584E-01,   1.905360E-01,   2.564982E-01,  -5.965622E-02,  -1.008405E-01,   2.558472E-02,   3.724796E-02,  -9.011543E-03,  -1.774168E-02,  -2.888594E-04,   1.899222E-02,  -1.319262E-03,  -2.628671E-02,   1.747674E-02,   2.294847E-02,  -4.076632E-02,   5.268502E-03, &
  -8.217218E-04,   3.417642E-03,   7.162423E-03,  -4.706751E-03,   1.152973E-02,   1.325546E-01,   1.913307E-01,  -2.783212E-01,  -1.309621E+00,  -1.883193E+00,  -9.939350E-01,   6.249659E-01,   1.154115E+00,   2.718565E-01,  -4.956496E-01,  -2.619224E-01,   1.849664E-01,   1.276961E-01,  -8.093200E-02,  -4.728405E-02,   4.402995E-02,   1.034968E-02,  -2.885254E-02,   8.511111E-03,   2.002704E-02,  -2.345943E-02,  -6.121015E-03,   3.363572E-02,  -1.920554E-02,  -2.538287E-02,   4.482372E-02, &
  -1.649050E-06,  -1.163857E-03,   4.281897E-03,   1.598208E-02,   2.132700E-02,   6.949541E-02,   2.743913E-01,   5.355869E-01,   3.839570E-01,  -3.984304E-01,  -1.080679E+00,  -7.347277E-01,   2.718565E-01,   6.429354E-01,   1.116052E-01,  -3.082539E-01,  -1.110683E-01,   1.316628E-01,   5.060554E-02,  -5.495359E-02,  -1.391205E-02,   1.719252E-02,   2.437978E-03,   3.548582E-03,  -7.647440E-03,  -1.083999E-02,   2.129459E-02,   1.688636E-03,  -3.054440E-02,   2.212166E-02,   1.881054E-02, &
   2.146421E-04,  -4.567276E-04,  -3.608586E-03,  -2.958426E-03,   1.420851E-03,  -7.436797E-03,   1.220755E-02,   1.978455E-01,   5.286235E-01,   5.953251E-01,   7.779689E-02,  -5.501584E-01,  -4.956496E-01,   1.116052E-01,   3.684532E-01,   4.701534E-02,  -1.911619E-01,  -4.462237E-02,   9.372675E-02,   1.828571E-02,  -4.878562E-02,  -2.162982E-03,   2.966666E-02,  -6.948689E-03,  -2.199490E-02,   1.683814E-02,   1.393753E-02,  -2.769323E-02,   3.568763E-03,   2.881807E-02,  -2.714125E-02, &
  -1.327191E-04,   4.714147E-04,  -1.879567E-04,  -6.131510E-03,  -1.512168E-02,  -3.110161E-02,  -7.981345E-02,  -1.348769E-01,  -4.689319E-02,   2.470518E-01,   4.433437E-01,   1.905360E-01,  -2.619224E-01,  -3.082539E-01,   4.701534E-02,   2.082375E-01,   1.486405E-02,  -1.091300E-01,  -9.757122E-03,   5.000767E-02,  -2.489363E-03,  -1.626918E-02,   6.002817E-03,  -3.541586E-03,   1.046306E-04,   1.238818E-02,  -1.255649E-02,  -8.307928E-03,   2.324917E-02,  -8.393351E-03,  -2.006376E-02, &
   4.655465E-05,  -1.179882E-04,   1.075931E-03,   3.080052E-03,   1.902433E-03,  -2.275417E-03,  -1.657615E-02,  -7.713339E-02,  -1.819106E-01,  -1.912162E-01,   1.903973E-02,   2.564982E-01,   1.849664E-01,  -1.110683E-01,  -1.911619E-01,   1.486405E-02,   1.245498E-01,   7.146300E-03,  -7.065009E-02,  -3.432429E-03,   3.976628E-02,  -1.978817E-03,  -2.478751E-02,   6.068044E-03,   1.840230E-02,  -1.196897E-02,  -1.274505E-02,   1.946970E-02,   1.144231E-03,  -2.144561E-02,   1.504508E-02, &
  -3.864936E-06,   7.426947E-06,  -1.480897E-04,   1.535564E-03,   6.921555E-03,   1.500185E-02,   2.777678E-02,   3.938679E-02,   7.523359E-03,  -9.479553E-02,  -1.648789E-01,  -5.965622E-02,   1.276961E-01,   1.316628E-01,  -4.462237E-02,  -1.091300E-01,   7.146300E-03,   6.646220E-02,  -2.705608E-03,  -3.359326E-02,   6.321849E-03,   1.163460E-02,  -6.912931E-03,   2.461363E-03,   1.989901E-03,  -9.205646E-03,   6.906556E-03,   7.118337E-03,  -1.453126E-02,   3.251970E-03,   1.341769E-02, &
  -2.740436E-05,  -3.511871E-05,  -3.872636E-04,  -1.846789E-03,  -3.219210E-03,  -1.712202E-03,   5.596234E-03,   2.701701E-02,   6.411414E-02,   7.353575E-02,  -4.576243E-04,  -1.008405E-01,  -8.093200E-02,   5.060554E-02,   9.372675E-02,  -9.757122E-03,  -7.065009E-02,  -2.705608E-03,   4.603330E-02,   1.591425E-03,  -2.928871E-02,   1.984239E-03,   1.966061E-02,  -5.419940E-03,  -1.420857E-02,   9.601170E-03,   8.866965E-03,  -1.378722E-02,  -3.797358E-04,   1.372380E-02,  -9.558821E-03, &
   5.074718E-05,   9.502588E-06,   1.333387E-04,  -4.792922E-05,  -2.178137E-03,  -6.648614E-03,  -1.175132E-02,  -1.433491E-02,  -3.773749E-03,   2.998509E-02,   5.823981E-02,   2.558472E-02,  -4.728405E-02,  -5.495359E-02,   1.828571E-02,   5.000767E-02,  -3.432429E-03,  -3.359326E-02,   1.591425E-03,   1.841155E-02,  -3.573215E-03,  -6.867060E-03,   3.956866E-03,  -1.134563E-03,  -1.136028E-03,   4.983299E-03,  -3.869376E-03,  -3.684099E-03,   7.798856E-03,  -1.959423E-03,  -6.749043E-03, &
  -4.803302E-05,   8.762061E-05,   2.644633E-04,   1.023486E-03,   2.800965E-03,   3.947015E-03,   1.227063E-03,  -8.617157E-03,  -2.592053E-02,  -3.597362E-02,  -1.159827E-02,   3.724796E-02,   4.402995E-02,  -1.391205E-02,  -4.878562E-02,  -2.489363E-03,   3.976628E-02,   6.321849E-03,  -2.928871E-02,  -3.573215E-03,   2.121321E-02,  -6.468424E-04,  -1.546787E-02,   4.633953E-03,   1.079531E-02,  -8.162706E-03,  -5.490261E-03,   1.017502E-02,  -1.191585E-03,  -8.381316E-03,   7.044695E-03, &
   1.679634E-05,  -1.652597E-04,  -3.462226E-04,  -4.943346E-04,  -1.779006E-04,   1.398132E-03,   3.784364E-03,   4.869216E-03,   2.132110E-03,  -5.984790E-03,  -1.426492E-02,  -9.011543E-03,   1.034968E-02,   1.719252E-02,  -2.162982E-03,  -1.626918E-02,  -1.978817E-03,   1.163460E-02,   1.984239E-03,  -6.867060E-03,  -6.468424E-04,   2.939800E-03,  -9.913628E-06,  -1.397089E-04,  -6.458749E-04,  -1.079535E-03,   2.070580E-03,   3.885623E-04,  -2.873759E-03,   1.565136E-03,   1.831864E-03, &
   2.136984E-05,   1.454530E-04,   1.455556E-04,  -3.809610E-04,  -1.922539E-03,  -3.872594E-03,  -3.547019E-03,   2.548692E-03,   1.478997E-02,   2.388848E-02,   1.255327E-02,  -1.774168E-02,  -2.885254E-02,   2.437978E-03,   2.966666E-02,   6.002817E-03,  -2.478751E-02,  -6.912931E-03,   1.966061E-02,   3.956866E-03,  -1.546787E-02,  -9.913628E-06,   1.185979E-02,  -3.680608E-03,  -8.133166E-03,   6.550539E-03,   3.577548E-03,  -7.576206E-03,   1.580735E-03,   5.468085E-03,  -5.282697E-03, &
  -4.109687E-05,  -2.466233E-05,   1.078905E-04,   5.881640E-04,   1.550229E-03,   2.348536E-03,   2.177364E-03,   1.073461E-03,  -1.620136E-03,  -6.482345E-03,  -8.159106E-03,  -2.888594E-04,   8.511111E-03,   3.548582E-03,  -6.948689E-03,  -3.541586E-03,   6.068044E-03,   2.461363E-03,  -5.419940E-03,  -1.134563E-03,   4.633953E-03,  -1.397089E-04,  -3.680608E-03,   1.244509E-03,   2.530169E-03,  -2.072439E-03,  -1.076079E-03,   2.297520E-03,  -5.272118E-04,  -1.532755E-03,   1.570382E-03, &
   3.437982E-05,  -1.283855E-04,  -2.670992E-04,  -1.556646E-04,   4.533608E-04,   1.579684E-03,   1.599352E-03,  -3.379056E-03,  -1.391983E-02,  -1.909972E-02,  -4.942762E-03,   1.899222E-02,   2.002704E-02,  -7.647440E-03,  -2.199490E-02,   1.046306E-04,   1.840230E-02,   1.989901E-03,  -1.420857E-02,  -1.136028E-03,   1.079531E-02,  -6.458749E-04,  -8.133166E-03,   2.530169E-03,   5.748920E-03,  -4.236460E-03,  -2.980617E-03,   5.151554E-03,  -3.823891E-04,  -4.220684E-03,   3.246779E-03, &
  -1.300738E-05,   2.170117E-04,   2.966786E-04,  -2.543903E-04,  -1.778669E-03,  -4.039200E-03,  -5.872789E-03,  -4.290631E-03,   5.040879E-03,   1.942606E-02,   2.130772E-02,  -1.319262E-03,  -2.345943E-02,  -1.083999E-02,   1.683814E-02,   1.238818E-02,  -1.196897E-02,  -9.205646E-03,   9.601170E-03,   4.983299E-03,  -8.162706E-03,  -1.079535E-03,   6.550539E-03,  -2.072439E-03,  -4.236460E-03,   4.110847E-03,   1.112319E-03,  -4.353199E-03,   2.112953E-03,   2.299672E-03,  -3.723003E-03, &
  -5.437787E-06,  -1.798663E-04,  -1.935569E-04,   2.335107E-04,   1.101422E-03,   2.061177E-03,   4.017671E-03,   9.603632E-03,   1.594789E-02,   9.793569E-03,  -1.295080E-02,  -2.628671E-02,  -6.121015E-03,   2.129459E-02,   1.393753E-02,  -1.255649E-02,  -1.274505E-02,   6.906556E-03,   8.866965E-03,  -3.869376E-03,  -5.490261E-03,   2.070580E-03,   3.577548E-03,  -1.076079E-03,  -2.980617E-03,   1.112319E-03,   2.793638E-03,  -2.169142E-03,  -1.800125E-03,   3.256086E-03,  -4.323398E-04, &
   1.244913E-05,   3.665061E-05,  -2.322852E-05,   1.360749E-05,   6.192424E-04,   2.470524E-03,   4.536964E-03,   5.409881E-04,  -1.567128E-02,  -3.207371E-02,  -2.070367E-02,   1.747674E-02,   3.363572E-02,   1.688636E-03,  -2.769323E-02,  -8.307928E-03,   1.946970E-02,   7.118337E-03,  -1.378722E-02,  -3.684099E-03,   1.017502E-02,   3.885623E-04,  -7.576206E-03,   2.297520E-03,   5.151554E-03,  -4.353199E-03,  -2.169142E-03,   5.197776E-03,  -1.420861E-03,  -3.768744E-03,   4.151647E-03, &
  -1.196014E-05,   1.201565E-04,   2.607089E-04,  -7.894932E-05,  -1.403939E-03,  -4.253352E-03,  -9.770963E-03,  -1.599994E-02,  -1.164499E-02,   1.258402E-02,   3.653030E-02,   2.294847E-02,  -1.920554E-02,  -3.054440E-02,   3.568763E-03,   2.324917E-02,   1.144231E-03,  -1.453126E-02,  -3.797358E-04,   7.798856E-03,  -1.191585E-03,  -2.873759E-03,   1.580735E-03,  -5.272118E-04,  -3.823891E-04,   2.112953E-03,  -1.800125E-03,  -1.420861E-03,   3.436652E-03,  -1.148716E-03,  -2.772036E-03, &
   1.235522E-05,  -1.890827E-04,  -3.630134E-04,  -9.712759E-05,   5.840136E-04,   9.436500E-04,   2.977026E-03,   1.347643E-02,   3.087530E-02,   3.108496E-02,  -4.233328E-03,  -4.076632E-02,  -2.538287E-02,   2.212166E-02,   2.881807E-02,  -8.393351E-03,  -2.144561E-02,   3.251970E-03,   1.372380E-02,  -1.959423E-03,  -8.381316E-03,   1.565136E-03,   5.468085E-03,  -1.532755E-03,  -4.220684E-03,   2.299672E-03,   3.256086E-03,  -3.768744E-03,  -1.148716E-03,   4.503743E-03,  -2.094364E-03, &
  -1.668331E-05,   1.338353E-04,   2.296843E-04,   2.058785E-04,   5.893618E-04,   3.509689E-03,   9.866581E-03,   1.044648E-02,  -1.031837E-02,  -4.323307E-02,  -4.386891E-02,   5.268502E-03,   4.482372E-02,   1.881054E-02,  -2.714125E-02,  -2.006376E-02,   1.504508E-02,   1.341769E-02,  -9.558821E-03,  -6.749043E-03,   7.044695E-03,   1.831864E-03,  -5.282697E-03,   1.570382E-03,   3.246779E-03,  -3.723003E-03,  -4.323398E-04,   4.151647E-03,  -2.772036E-03,  -2.094364E-03,   4.547034E-03  &
    /
    data unc3p0 / &
  -1.429161E+00,   5.026708E-01,   1.965729E+00,   7.030952E-01,   1.720565E-01,  -2.502382E-02,  -1.954340E-02,  -2.950120E-03,   7.610842E-04,   1.880438E-03,  -4.100439E-05,  -7.512832E-04,   2.217871E-04,   1.730809E-04,  -1.493069E-04,   2.066115E-05,   4.046574E-05,  -4.119464E-05,   1.850572E-05,   9.392813E-06,  -2.884655E-05,   2.698146E-05,  -4.074740E-06,  -2.230904E-05,   3.097045E-05,  -1.546834E-05,  -1.057794E-05,   2.560829E-05,  -1.812112E-05,  -4.723344E-06,   0.000000E+00, &
   5.026708E-01,  -8.936621E-01,   1.768477E+00,   1.972687E+00,   1.067376E+00,   2.299349E-01,  -7.243261E-02,  -6.551264E-02,  -6.839761E-03,   1.491845E-02,   4.257873E-03,  -4.705032E-03,  -9.097094E-04,   1.738077E-03,  -1.563729E-04,  -5.525964E-04,   2.763826E-04,   8.748182E-05,  -1.767963E-04,   9.521204E-05,   3.038531E-06,  -6.055352E-05,   7.863984E-05,  -6.712162E-05,   3.294948E-05,   1.334695E-05,  -5.602926E-05,   7.973644E-05,  -7.442583E-05,   3.716620E-05,   0.000000E+00, &
   1.965729E+00,   1.768477E+00,   3.047396E+00,   3.861862E+00,   3.147596E+00,   1.485359E+00,   1.736086E-01,  -2.538885E-01,  -1.301105E-01,   3.539461E-02,   4.277520E-02,  -9.017864E-03,  -1.331858E-02,   4.921973E-03,   3.502883E-03,  -2.826234E-03,  -2.027827E-04,   1.179234E-03,  -6.044616E-04,  -7.419381E-05,   3.495645E-04,  -3.142956E-04,   1.193809E-04,   1.129239E-04,  -2.369157E-04,   1.510792E-04,   8.221842E-05,  -2.446281E-04,   1.453650E-04,   1.717197E-04,   0.000000E+00, &
   7.030952E-01,   1.972687E+00,   3.861862E+00,   5.538957E+00,   5.832341E+00,   4.068298E+00,   1.428853E+00,  -2.797382E-01,  -5.003448E-01,  -6.243413E-02,   1.388333E-01,   2.948513E-02,  -4.591075E-02,  -4.825845E-03,   1.684072E-02,  -2.809298E-03,  -5.090340E-03,   3.102535E-03,   3.025729E-04,  -1.226974E-03,   7.451139E-04,  -2.940056E-04,   1.004843E-05,   3.976790E-04,  -7.659654E-04,   5.987605E-04,   2.478526E-04,  -1.172879E-03,   1.229517E-03,  -5.288782E-05,   0.000000E+00, &
   1.720565E-01,   1.067376E+00,   3.147596E+00,   5.832341E+00,   7.642132E+00,   6.996398E+00,   3.883798E+00,   5.231894E-01,  -8.939914E-01,  -4.651990E-01,   1.776703E-01,   1.692417E-01,  -5.741882E-02,  -5.326103E-02,   2.877046E-02,   1.235991E-02,  -1.425237E-02,   5.682406E-04,   5.025541E-03,  -2.430144E-03,  -6.154507E-04,   9.339210E-04,   3.932631E-05,  -2.808102E-04,  -5.725885E-04,   1.335523E-03,  -6.738249E-04,  -1.357393E-03,   2.941923E-03,  -2.000340E-03,   0.000000E+00, &
  -2.502382E-02,   2.299349E-01,   1.485359E+00,   4.068298E+00,   6.996398E+00,   8.202318E+00,   6.283017E+00,   2.340860E+00,  -6.351364E-01,  -1.021886E+00,  -7.743501E-02,   3.281191E-01,   4.250721E-02,  -1.161200E-01,   3.906360E-04,   4.234658E-02,  -1.223218E-02,  -1.197717E-02,   9.823021E-03,   2.038523E-04,  -4.338600E-03,   2.549818E-03,   6.059867E-04,  -2.163576E-03,   1.282715E-03,   1.182785E-03,  -2.854883E-03,   1.445891E-03,   2.547214E-03,  -5.277801E-03,   0.000000E+00, &
  -1.954340E-02,  -7.243261E-02,   1.736086E-01,   1.428853E+00,   3.883798E+00,   6.283017E+00,   6.571210E+00,   4.044972E+00,   5.959057E-01,  -1.088216E+00,  -5.947991E-01,   2.453353E-01,   2.321916E-01,  -8.776365E-02,  -7.452480E-02,   4.595116E-02,   1.547270E-02,  -2.264711E-02,   3.441193E-03,   6.942878E-03,  -5.222732E-03,   1.118578E-03,   9.690488E-04,  -2.215661E-03,   2.958232E-03,  -1.316716E-03,  -2.833861E-03,   5.579013E-03,  -2.667791E-03,  -4.661934E-03,   0.000000E+00, &
  -2.950120E-03,  -6.551264E-02,  -2.538885E-01,  -2.797382E-01,   5.231894E-01,   2.340860E+00,   4.044972E+00,   3.980664E+00,   1.939614E+00,  -2.625507E-01,  -8.446289E-01,  -1.594212E-01,   2.801170E-01,   7.245034E-02,  -1.053468E-01,  -1.145644E-02,   4.138440E-02,  -8.030463E-03,  -1.269470E-02,   8.057917E-03,   1.488202E-03,  -3.340975E-03,  -1.495662E-04,   1.782152E-03,   1.011038E-03,  -4.122245E-03,   2.175652E-03,   4.342732E-03,  -8.283544E-03,   3.412693E-03,   0.000000E+00, &
   7.610842E-04,  -6.839761E-03,  -1.301105E-01,  -5.003448E-01,  -8.939914E-01,  -6.351364E-01,   5.959057E-01,   1.939614E+00,   2.055581E+00,   8.168089E-01,  -3.971910E-01,  -4.897152E-01,   3.417038E-02,   1.916043E-01,  -1.134580E-02,  -7.070719E-02,   1.707952E-02,   2.201267E-02,  -1.425165E-02,  -2.418658E-03,   7.376005E-03,  -3.811443E-03,  -1.372450E-03,   4.399560E-03,  -3.058967E-03,  -2.165289E-03,   6.248072E-03,  -3.543024E-03,  -4.875551E-03,   1.019944E-02,   0.000000E+00, &
   1.880438E-03,   1.491845E-02,   3.539461E-02,  -6.243413E-02,  -4.651990E-01,  -1.021886E+00,  -1.088216E+00,  -2.625507E-01,   8.168089E-01,   1.057087E+00,   3.420248E-01,  -3.201355E-01,  -2.528204E-01,   8.553207E-02,   1.071134E-01,  -3.729134E-02,  -3.624684E-02,   2.151619E-02,   7.347640E-03,  -9.936403E-03,   1.059665E-03,   2.099916E-03,   4.368498E-05,  -2.225808E-04,  -2.858083E-03,   3.644050E-03,   1.387883E-03,  -7.307013E-03,   5.785403E-03,   3.867044E-03,   0.000000E+00, &
  -4.100439E-05,   4.257873E-03,   4.277520E-02,   1.388333E-01,   1.776703E-01,  -7.743501E-02,  -5.947991E-01,  -8.446289E-01,  -3.971910E-01,   3.420248E-01,   5.546488E-01,   1.380395E-01,  -2.170552E-01,  -1.172831E-01,   7.973897E-02,   5.030231E-02,  -3.652387E-02,  -1.390958E-02,   1.808718E-02,  -5.008147E-04,  -7.680879E-03,   4.424110E-03,   1.944170E-03,  -4.995097E-03,   1.936298E-03,   4.271492E-03,  -6.160887E-03,  -1.846091E-05,   8.179707E-03,  -8.136235E-03,   0.000000E+00, &
  -7.512832E-04,  -4.705032E-03,  -9.017864E-03,   2.948513E-02,   1.692417E-01,   3.281191E-01,   2.453353E-01,  -1.594212E-01,  -4.897152E-01,  -3.201355E-01,   1.380395E-01,   2.966862E-01,   5.546003E-02,  -1.347101E-01,  -4.946753E-02,   5.759530E-02,   1.922819E-02,  -2.594754E-02,  -2.531465E-03,   1.000871E-02,  -2.020273E-03,  -1.608204E-03,   1.873945E-05,  -6.147100E-04,   3.355085E-03,  -2.287421E-03,  -3.511599E-03,   6.887372E-03,  -1.925107E-03,  -7.062758E-03,   0.000000E+00, &
   2.217871E-04,  -9.097094E-04,  -1.331858E-02,  -4.591075E-02,  -5.741882E-02,   4.250721E-02,   2.321916E-01,   2.801170E-01,   3.417038E-02,  -2.528204E-01,  -2.170552E-01,   5.546003E-02,   1.630114E-01,   2.152610E-02,  -8.078104E-02,  -1.833497E-02,   3.789800E-02,   4.920073E-03,  -1.770989E-02,   2.260215E-03,   7.570104E-03,  -4.373411E-03,  -2.505976E-03,   4.853940E-03,  -7.881874E-04,  -4.761663E-03,   4.609932E-03,   2.071456E-03,  -7.538287E-03,   4.410051E-03,   0.000000E+00, &
   1.730809E-04,   1.738077E-03,   4.921973E-03,  -4.825845E-03,  -5.326103E-02,  -1.161200E-01,  -8.776365E-02,   7.245034E-02,   1.916043E-01,   8.553207E-02,  -1.172831E-01,  -1.347101E-01,   2.152610E-02,   9.036773E-02,   7.593029E-03,  -4.666602E-02,  -4.972380E-03,   2.202514E-02,  -6.720069E-04,  -8.646097E-03,   2.203201E-03,   1.549095E-03,  -1.868590E-04,   6.575216E-04,  -2.770881E-03,   1.257821E-03,   3.541001E-03,  -5.021406E-03,  -7.589595E-05,   6.269547E-03,   0.000000E+00, &
  -1.493069E-04,  -1.563729E-04,   3.502883E-03,   1.684072E-02,   2.877046E-02,   3.906360E-04,  -7.452480E-02,  -1.053468E-01,  -1.134580E-02,   1.071134E-01,   7.973897E-02,  -4.946753E-02,  -8.078104E-02,   7.593029E-03,   5.116138E-02,   2.221044E-03,  -2.760194E-02,  -2.505563E-06,   1.402893E-02,  -2.773060E-03,  -6.599268E-03,   3.915085E-03,   2.549770E-03,  -4.275202E-03,   2.388332E-04,   4.150641E-03,  -3.213348E-03,  -2.243244E-03,   5.518459E-03,  -2.215211E-03,   0.000000E+00, &
   2.066115E-05,  -5.525964E-04,  -2.826234E-03,  -2.809298E-03,   1.235991E-02,   4.234658E-02,   4.595116E-02,  -1.145644E-02,  -7.070719E-02,  -3.729134E-02,   5.030231E-02,   5.759530E-02,  -1.833497E-02,  -4.666602E-02,   2.221044E-03,   2.817808E-02,   2.042854E-04,  -1.471260E-02,   1.145034E-03,   6.348438E-03,  -1.509443E-03,  -1.541930E-03,   1.160862E-04,  -1.662135E-04,   1.863278E-03,  -9.097728E-04,  -2.451190E-03,   3.300484E-03,   3.100796E-04,  -4.170095E-03,   0.000000E+00, &
   4.046574E-05,   2.763826E-04,  -2.027827E-04,  -5.090340E-03,  -1.425237E-02,  -1.223218E-02,   1.547270E-02,   4.138440E-02,   1.707952E-02,  -3.624684E-02,  -3.652387E-02,   1.922819E-02,   3.789800E-02,  -4.972380E-03,  -2.760194E-02,   2.042854E-04,   1.692233E-02,  -6.799210E-04,  -9.652138E-03,   2.140133E-03,   5.110975E-03,  -3.077011E-03,  -2.163940E-03,   3.434278E-03,  -1.364179E-04,  -3.136219E-03,   2.305694E-03,   1.557408E-03,  -3.656696E-03,   1.389895E-03,   0.000000E+00, &
  -4.119464E-05,   8.748182E-05,   1.179234E-03,   3.102535E-03,   5.682406E-04,  -1.197717E-02,  -2.264711E-02,  -8.030463E-03,   2.201267E-02,   2.151619E-02,  -1.390958E-02,  -2.594754E-02,   4.920073E-03,   2.202514E-02,  -2.505563E-06,  -1.471260E-02,  -6.799210E-04,   8.427941E-03,  -3.321918E-05,  -4.127569E-03,   3.552030E-04,   1.496000E-03,   1.909893E-04,  -4.694159E-04,  -1.071058E-03,   9.543386E-04,   1.186360E-03,  -2.082031E-03,   1.357715E-04,   2.244521E-03,   0.000000E+00, &
   1.850572E-05,  -1.767963E-04,  -6.044616E-04,   3.025729E-04,   5.025541E-03,   9.823021E-03,   3.441193E-03,  -1.269470E-02,  -1.425165E-02,   7.347640E-03,   1.808718E-02,  -2.531465E-03,  -1.770989E-02,  -6.720069E-04,   1.402893E-02,   1.145034E-03,  -9.652138E-03,  -3.321918E-05,   6.122667E-03,  -1.236316E-03,  -3.572591E-03,   2.126527E-03,   1.589710E-03,  -2.483229E-03,   1.588202E-04,   2.125368E-03,  -1.647564E-03,  -8.369044E-04,   2.277314E-03,  -1.049608E-03,   0.000000E+00, &
   9.392813E-06,   9.521204E-05,  -7.419381E-05,  -1.226974E-03,  -2.430144E-03,   2.038523E-04,   6.942878E-03,   8.057917E-03,  -2.418658E-03,  -9.936403E-03,  -5.008147E-04,   1.000871E-02,   2.260215E-03,  -8.646097E-03,  -2.773060E-03,   6.348438E-03,   2.140133E-03,  -4.127569E-03,  -1.236316E-03,   2.445880E-03,   6.715961E-04,  -1.393383E-03,  -5.148932E-04,   9.607878E-04,   5.030452E-04,  -1.060179E-03,  -1.893602E-04,   1.248384E-03,  -5.838565E-04,  -8.598253E-04,   0.000000E+00, &
  -2.884655E-05,   3.038531E-06,   3.495645E-04,   7.451139E-04,  -6.154507E-04,  -4.338600E-03,  -5.222732E-03,   1.488202E-03,   7.376005E-03,   1.059665E-03,  -7.680879E-03,  -2.020273E-03,   7.570104E-03,   2.203201E-03,  -6.599268E-03,  -1.509443E-03,   5.110975E-03,   3.552030E-04,  -3.572591E-03,   6.715961E-04,   2.200193E-03,  -1.324103E-03,  -9.955444E-04,   1.568896E-03,  -1.283933E-04,  -1.286501E-03,   1.035808E-03,   4.119173E-04,  -1.298288E-03,   6.938676E-04,   0.000000E+00, &
   2.698146E-05,  -6.055352E-05,  -3.142956E-04,  -2.940056E-04,   9.339210E-04,   2.549818E-03,   1.118578E-03,  -3.340975E-03,  -3.811443E-03,   2.099916E-03,   4.424110E-03,  -1.608204E-03,  -4.373411E-03,   1.549095E-03,   3.915085E-03,  -1.541930E-03,  -3.077011E-03,   1.496000E-03,   2.126527E-03,  -1.393383E-03,  -1.324103E-03,   1.286400E-03,   7.113571E-04,  -1.222388E-03,  -1.531692E-04,   1.100236E-03,  -4.218505E-04,  -7.213589E-04,   8.458568E-04,   2.337690E-05,   0.000000E+00, &
  -4.074740E-06,   7.863984E-05,   1.193809E-04,   1.004843E-05,   3.932631E-05,   6.059867E-04,   9.690488E-04,  -1.495662E-04,  -1.372450E-03,   4.368498E-05,   1.944170E-03,   1.873945E-05,  -2.505976E-03,  -1.868590E-04,   2.549770E-03,   1.160862E-04,  -2.163940E-03,   1.909893E-04,   1.589710E-03,  -5.148932E-04,  -9.955444E-04,   7.113571E-04,   4.627673E-04,  -7.585381E-04,   9.104281E-06,   6.366927E-04,  -4.101091E-04,  -2.832609E-04,   5.772673E-04,  -2.028999E-04,   0.000000E+00, &
  -2.230904E-05,  -6.712162E-05,   1.129239E-04,   3.976790E-04,  -2.808102E-04,  -2.163576E-03,  -2.215661E-03,   1.782152E-03,   4.399560E-03,  -2.225808E-04,  -4.995097E-03,  -6.147100E-04,   4.853940E-03,   6.575216E-04,  -4.275202E-03,  -1.662135E-04,   3.434278E-03,  -4.694159E-04,  -2.483229E-03,   9.607878E-04,   1.568896E-03,  -1.222388E-03,  -7.585381E-04,   1.278719E-03,   1.523255E-05,  -1.080977E-03,   6.385455E-04,   5.136466E-04,  -9.345869E-04,   2.851696E-04,   0.000000E+00, &
   3.097045E-05,   3.294948E-05,  -2.369157E-04,  -7.659654E-04,  -5.725885E-04,   1.282715E-03,   2.958232E-03,   1.011038E-03,  -3.058967E-03,  -2.858083E-03,   1.936298E-03,   3.355085E-03,  -7.881874E-04,  -2.770881E-03,   2.388332E-04,   1.863278E-03,  -1.364179E-04,  -1.071058E-03,   1.588202E-04,   5.030452E-04,  -1.283933E-04,  -1.531692E-04,   9.104281E-06,   1.523255E-05,   1.400123E-04,  -7.998514E-05,  -1.890241E-04,   2.511000E-04,   3.311891E-05,  -3.113253E-04,   0.000000E+00, &
  -1.546834E-05,   1.334695E-05,   1.510792E-04,   5.987605E-04,   1.335523E-03,   1.182785E-03,  -1.316716E-03,  -4.122245E-03,  -2.165289E-03,   3.644050E-03,   4.271492E-03,  -2.287421E-03,  -4.761663E-03,   1.257821E-03,   4.150641E-03,  -9.097728E-04,  -3.136219E-03,   9.543386E-04,   2.125368E-03,  -1.060179E-03,  -1.286501E-03,   1.100236E-03,   6.366927E-04,  -1.080977E-03,  -7.998514E-05,   9.583403E-04,  -4.567929E-04,  -5.759447E-04,   8.152967E-04,  -9.521860E-05,   0.000000E+00, &
  -1.057794E-05,  -5.602926E-05,   8.221842E-05,   2.478526E-04,  -6.738249E-04,  -2.854883E-03,  -2.833861E-03,   2.175652E-03,   6.248072E-03,   1.387883E-03,  -6.160887E-03,  -3.511599E-03,   4.609932E-03,   3.541001E-03,  -3.213348E-03,  -2.451190E-03,   2.305694E-03,   1.186360E-03,  -1.647564E-03,  -1.893602E-04,   1.035808E-03,  -4.218505E-04,  -4.101091E-04,   6.385455E-04,  -1.890241E-04,  -4.567929E-04,   6.030006E-04,  -5.559432E-05,  -5.800782E-04,   5.814477E-04,   0.000000E+00, &
   2.560829E-05,   7.973644E-05,  -2.446281E-04,  -1.172879E-03,  -1.357393E-03,   1.445891E-03,   5.579013E-03,   4.342732E-03,  -3.543024E-03,  -7.307013E-03,  -1.846091E-05,   6.887372E-03,   2.071456E-03,  -5.021406E-03,  -2.243244E-03,   3.300484E-03,   1.557408E-03,  -2.082031E-03,  -8.369044E-04,   1.248384E-03,   4.119173E-04,  -7.213589E-04,  -2.832609E-04,   5.136466E-04,   2.511000E-04,  -5.759447E-04,  -5.559432E-05,   6.566161E-04,  -3.694329E-04,  -4.079558E-04,   0.000000E+00, &
  -1.812112E-05,  -7.442583E-05,   1.453650E-04,   1.229517E-03,   2.941923E-03,   2.547214E-03,  -2.667791E-03,  -8.283544E-03,  -4.875551E-03,   5.785403E-03,   8.179707E-03,  -1.925107E-03,  -7.538287E-03,  -7.589595E-05,   5.518459E-03,   3.100796E-04,  -3.656696E-03,   1.357715E-04,   2.277314E-03,  -5.838565E-04,  -1.298288E-03,   8.458568E-04,   5.772673E-04,  -9.345869E-04,   3.311891E-05,   8.152967E-04,  -5.800782E-04,  -3.694329E-04,   8.596153E-04,  -3.436133E-04,   0.000000E+00, &
  -4.723344E-06,   3.716620E-05,   1.717197E-04,  -5.288782E-05,  -2.000340E-03,  -5.277801E-03,  -4.661934E-03,   3.412693E-03,   1.019944E-02,   3.867044E-03,  -8.136235E-03,  -7.062758E-03,   4.410051E-03,   6.269547E-03,  -2.215211E-03,  -4.170095E-03,   1.389895E-03,   2.244521E-03,  -1.049608E-03,  -8.598253E-04,   6.938676E-04,   2.337690E-05,  -2.028999E-04,   2.851696E-04,  -3.113253E-04,  -9.521860E-05,   5.814477E-04,  -4.079558E-04,  -3.436133E-04,   7.681784E-04,   0.000000E+00, &
   0.000000E+00,   0.000000E+00,   0.000000E+00,   0.000000E+00,   0.000000E+00,   0.000000E+00,   0.000000E+00,   0.000000E+00,   0.000000E+00,   0.000000E+00,   0.000000E+00,   0.000000E+00,   0.000000E+00,   0.000000E+00,   0.000000E+00,   0.000000E+00,   0.000000E+00,   0.000000E+00,   0.000000E+00,   0.000000E+00,   0.000000E+00,   0.000000E+00,   0.000000E+00,   0.000000E+00,   0.000000E+00,   0.000000E+00,   0.000000E+00,   0.000000E+00,   0.000000E+00,   0.000000E+00,   0.000000E+00  &
    /
    data unc1p1 / &
   9.157948E+00,   5.658886E+00,   5.695408E+00,   1.063490E+00,   2.169647E-01,  -4.450662E-02,  -3.101786E-02,   4.304211E-03,   3.640648E-03,  -1.690794E-03,  -2.805903E-04,   5.465026E-04,  -7.511977E-05,  -1.321616E-04,   2.861052E-05,   7.020873E-05,  -3.920716E-05,  -4.804224E-05,   8.658840E-05,  -4.207829E-05,  -3.878839E-05,   8.186438E-05,  -5.397447E-05,  -1.193762E-05,   5.381155E-05,  -3.993908E-05,  -6.250386E-06,   3.476194E-05,  -1.830912E-05,  -2.480719E-05,   0.000000E+00, &
   5.658886E+00,   1.476061E+00,   5.338100E+00,   3.414334E+00,   1.256653E+00,   8.788946E-02,  -1.353239E-01,  -3.038550E-02,   1.680040E-02,   1.953713E-03,  -3.236802E-03,   8.983729E-04,   5.808894E-04,  -5.152768E-04,  -5.286873E-05,   2.227153E-04,  -4.264220E-05,  -1.225473E-04,   1.170268E-04,   4.569906E-06,  -1.179446E-04,   1.242630E-04,  -1.495909E-05,  -1.153067E-04,   1.454630E-04,  -4.168343E-05,  -1.047299E-04,   1.597617E-04,  -7.112537E-05,  -8.480897E-05,   0.000000E+00, &
   5.695408E+00,   5.338100E+00,   8.666136E+00,   8.042777E+00,   4.772509E+00,   1.481778E+00,  -1.072121E-01,  -2.508726E-01,  -2.864205E-02,   3.131212E-02,   2.329690E-03,  -3.371702E-03,   1.324222E-03,  -2.141960E-04,  -6.396772E-04,   3.236203E-04,   2.589311E-04,  -2.092353E-04,  -1.553375E-04,   2.876126E-04,  -1.331221E-04,  -9.201923E-05,   2.447636E-04,  -2.768736E-04,   1.545380E-04,   9.769437E-05,  -3.279796E-04,   3.442481E-04,  -1.077197E-04,  -1.969664E-04,   0.000000E+00, &
   1.063490E+00,   3.414334E+00,   8.042777E+00,   1.111045E+01,   9.740859E+00,   5.225072E+00,   1.145035E+00,  -4.679036E-01,  -3.428400E-01,   8.961070E-03,   5.569515E-02,   2.745606E-03,  -6.316470E-03,  -3.998632E-04,  -3.290323E-04,   9.245488E-06,   9.201451E-04,  -1.327703E-04,  -9.001925E-04,   6.586984E-04,   2.794882E-04,  -7.337573E-04,   4.507916E-04,   3.990419E-05,  -2.993459E-04,   3.201016E-04,  -2.300137E-04,   3.974594E-05,   2.186391E-04,  -3.223320E-04,   0.000000E+00, &
   2.169647E-01,   1.256653E+00,   4.772509E+00,   9.740859E+00,   1.239481E+01,   9.967350E+00,   4.514478E+00,   3.075949E-01,  -8.373682E-01,  -3.180326E-01,   1.011129E-01,   7.800582E-02,  -1.064176E-02,  -1.473731E-02,   9.133072E-05,   2.162768E-03,   1.359837E-03,  -3.004136E-04,  -1.570712E-03,   7.078412E-04,   1.105377E-03,  -1.343014E-03,   5.581121E-05,   1.042777E-03,  -9.354919E-04,   1.280996E-04,   4.406843E-04,  -5.802280E-04,   6.426073E-04,  -5.739025E-04,   0.000000E+00, &
  -4.450662E-02,   8.788946E-02,   1.481778E+00,   5.225072E+00,   9.967350E+00,   1.176288E+01,   8.454677E+00,   2.871288E+00,  -6.294711E-01,  -9.591575E-01,  -1.247274E-01,   2.027594E-01,   5.780340E-02,  -4.172105E-02,  -1.602248E-02,   8.925514E-03,   4.509739E-03,  -1.906722E-03,  -2.037196E-03,   6.720352E-04,   1.659623E-03,  -1.298771E-03,  -8.462274E-04,   1.918624E-03,  -7.384148E-04,  -1.055938E-03,   1.257584E-03,   2.770711E-05,  -6.228607E-04,  -5.463815E-04,   0.000000E+00, &
  -3.101786E-02,  -1.353239E-01,  -1.072121E-01,   1.145035E+00,   4.514478E+00,   8.454677E+00,   9.340680E+00,   5.819836E+00,   1.075088E+00,  -1.153108E+00,  -7.224666E-01,   1.283871E-01,   2.172798E-01,  -1.143456E-02,  -5.829432E-02,   3.051060E-03,   1.535968E-02,  -1.827464E-03,  -4.102885E-03,   7.803025E-04,   1.734365E-03,  -8.262903E-04,  -1.317359E-03,   1.985026E-03,   2.108260E-05,  -2.707002E-03,   2.371162E-03,   1.549902E-03,  -4.525329E-03,   1.932519E-03,   0.000000E+00, &
   4.304211E-03,  -3.038550E-02,  -2.508726E-01,  -4.679036E-01,   3.075949E-01,   2.871288E+00,   5.819836E+00,   6.169867E+00,   3.218116E+00,  -1.017614E-01,  -1.093904E+00,  -3.244558E-01,   2.589180E-01,   1.307427E-01,  -6.680267E-02,  -3.758603E-02,   2.044998E-02,   8.473013E-03,  -6.369161E-03,  -1.179049E-03,   1.701524E-03,  -2.791563E-04,  -4.551168E-04,   1.302903E-03,  -8.098331E-04,  -2.178483E-03,   4.065172E-03,  -3.562108E-04,  -6.481281E-03,   7.651827E-03,   0.000000E+00, &
   3.640648E-03,   1.680040E-02,  -2.864205E-02,  -3.428400E-01,  -8.373682E-01,  -6.294711E-01,   1.075088E+00,   3.218116E+00,   3.485026E+00,   1.480421E+00,  -4.995965E-01,  -7.386294E-01,  -3.689320E-02,   2.357843E-01,   3.448951E-02,  -7.248121E-02,  -8.618154E-03,   2.219908E-02,   5.153915E-04,  -6.070133E-03,  -2.160537E-04,   1.382808E-03,   1.566719E-03,  -8.662628E-04,  -2.838825E-03,   2.491796E-03,   3.259025E-03,  -6.362019E-03,   1.819501E-04,   9.549691E-03,   0.000000E+00, &
  -1.690794E-03,   1.953713E-03,   3.131212E-02,   8.961070E-03,  -3.180326E-01,  -9.591575E-01,  -1.153108E+00,  -1.017614E-01,   1.480421E+00,   1.822081E+00,   6.223614E-01,  -4.722674E-01,  -4.112591E-01,   8.099394E-02,   1.560949E-01,  -1.957833E-02,  -5.190561E-02,   1.009941E-02,   1.605657E-02,  -5.808384E-03,  -5.200017E-03,   3.534373E-03,   2.843613E-03,  -4.160342E-03,  -1.496809E-03,   6.705234E-03,  -3.048925E-03,  -6.954535E-03,   1.052971E-02,  -4.385092E-04,   0.000000E+00, &
  -2.805903E-04,  -3.236802E-03,   2.329690E-03,   5.569515E-02,   1.011129E-01,  -1.247274E-01,  -7.224666E-01,  -1.093904E+00,  -4.995965E-01,   6.223614E-01,   9.558988E-01,   2.561277E-01,  -3.398429E-01,  -2.032347E-01,   9.975696E-02,   8.390944E-02,  -3.533877E-02,  -2.672160E-02,   1.501415E-02,   5.499378E-03,  -6.000462E-03,   1.440636E-03,   9.247652E-04,  -3.508683E-03,   3.412587E-03,   2.606545E-03,  -7.950056E-03,   3.184263E-03,   8.660854E-03,  -1.271211E-02,   0.000000E+00, &
   5.465026E-04,   8.983729E-04,  -3.371702E-03,   2.745606E-03,   7.800582E-02,   2.027594E-01,   1.283871E-01,  -3.244558E-01,  -7.386294E-01,  -4.722674E-01,   2.561277E-01,   5.145816E-01,   1.043493E-01,  -2.195595E-01,  -9.168649E-02,   8.130170E-02,   3.894632E-02,  -3.178113E-02,  -1.201586E-02,   1.236680E-02,   3.477282E-03,  -4.452640E-03,  -2.989441E-03,   3.116980E-03,   4.041050E-03,  -6.275886E-03,  -1.837326E-03,   1.014431E-02,  -5.947606E-03,  -7.963472E-03,   0.000000E+00, &
  -7.511977E-05,   5.808894E-04,   1.324222E-03,  -6.316470E-03,  -1.064176E-02,   5.780340E-02,   2.172798E-01,   2.589180E-01,  -3.689320E-02,  -4.112591E-01,  -3.398429E-01,   1.043493E-01,   2.837778E-01,   4.094462E-02,  -1.348298E-01,  -3.608479E-02,   5.705717E-02,   1.297328E-02,  -2.409838E-02,  -6.727524E-04,   9.890843E-03,  -3.947085E-03,  -3.151911E-03,   5.817220E-03,  -1.792517E-03,  -5.842932E-03,   7.400945E-03,   1.473146E-03,  -1.099274E-02,   8.073651E-03,   0.000000E+00, &
  -1.321616E-04,  -5.152768E-04,  -2.141960E-04,  -3.998632E-04,  -1.473731E-02,  -4.172105E-02,  -1.143456E-02,   1.307427E-01,   2.357843E-01,   8.099394E-02,  -2.032347E-01,  -2.195595E-01,   4.094462E-02,   1.589412E-01,   1.563312E-02,  -7.978038E-02,  -1.243892E-02,   3.527140E-02,   3.362800E-03,  -1.379146E-02,  -3.374275E-04,   4.153978E-03,   1.796117E-03,  -1.607855E-03,  -4.283174E-03,   4.080473E-03,   4.060561E-03,  -8.579715E-03,   1.532044E-03,   9.339004E-03,   0.000000E+00, &
